50,1
50,3
29,1
29,3
10,125
3,2
3,1
3,3
10,142
10,98
10,108
10,288
10,156
10,18
9,6
9,4
8,5
8,11
8,4
8,10
8,8
20,3
20,2
20,1
19,3
19,2
19,1
12,3
12,2
12,1
11,29
11,28
11,27
11,26
11,25
11,24
11,23
11,22
11,21
11,20
11,19
11,18
11,17
11,16
11,15
11,14
11,13
11,12
11,11
11,10
11,9
18,1
11,8
18,3
11,7
11,6
11,5
11,4
11,3
11,2
11,1
11,0
10,311
10,292
10,271
10,269
10,209
10,203
10,151
10,147
10,97
10,75
10,1
10,21
10,3
10,2
9,7
9,5
9,3
9,2
9,1
8,16
2,2
8,15
2,1
8,14
2,3
8,12
8,1
8,6
8,3
8,2
13,1
13,3
14,1
14,3
0,9
0,0
